/datasets/7scenes_org/fire/seq-02/frame-000840.color.png /datasets/7scenes_org/fire/seq-03/frame-000000.color.png 0.9909756450616541 0.019047538235766583 0.1326818080288162 0.14260512028367728 0.12384283183572456 0.24862245599299032 -0.9606507312124019 1.8357741154210758 -0.0512857085117001 0.9684131688815321 0.2440198976298497 1.2597359422189416 0.0 0.0 0.0 1.0
/datasets/7scenes_org/fire/seq-02/frame-000839.color.png /datasets/7scenes_org/fire/seq-03/frame-000001.color.png 0.9988020904836068 -0.03314250896678249 0.0359994186753594 0.3543647413605902 0.03185093123539702 0.9988484991146573 0.03587748591853352 -0.24574144474496612 -0.03714703521164351 -0.0346878929279843 0.9987075887662021 -0.2945548573909512 0.0 0.0 0.0 1.0
/datasets/7scenes_org/fire/seq-02/frame-000839.color.png /datasets/7scenes_org/fire/seq-03/frame-000002.color.png 0.8700492668364755 -0.36962123971747307 -0.3261815635915519 1.1274020437086343 -0.15091129210456208 0.4302002335603424 -0.8900300786827141 1.7354870632987942 0.4692974059087082 0.8235944986425939 0.31851537892700255 1.1302019477425445 0.0 0.0 0.0 1.0
/datasets/7scenes_org/fire/seq-02/frame-000839.color.png /datasets/7scenes_org/fire/seq-03/frame-000003.color.png 0.9970286751617087 -0.05802976569950132 0.05065932488840634 0.3222886977538847 0.055810166033309155 0.9974633712833316 0.04418199084949602 -0.25325035712870086 -0.053094691567261154 -0.041223406469522446 0.9977382344515147 -0.27033847474492406 0.0 0.0 0.0 1.0
/datasets/7scenes_org/fire/seq-02/frame-000839.color.png /datasets/7scenes_org/fire/seq-03/frame-000004.color.png 0.9255131247084196 -0.30250067122764485 -0.22785697246141393 0.8713595713442438 -0.13693135109791288 0.29366091412149864 -0.946051305481804 1.7297683223303462 0.3530938417460114 0.9067836629671657 0.2303652046140921 1.3227301843373458 0.0 0.0 0.0 1.0
/datasets/7scenes_org/fire/seq-02/frame-000839.color.png /datasets/7scenes_org/fire/seq-03/frame-000005.color.png 0.9971001400168954 -0.043351850163099 0.06254540643183537 0.2924331670790758 0.03974159304940438 0.9975336455245876 0.05785526621079544 -0.2826164198143332 -0.06489928012068234 -0.0552018399499753 0.9963638092112512 -0.25046164762198386 0.0 0.0 0.0 1.0
/datasets/7scenes_org/fire/seq-02/frame-000839.color.png /datasets/7scenes_org/fire/seq-03/frame-000006.color.png 0.9990496458504499 -0.042493067763688934 0.00970279949917142 0.4119627148126928 0.042465940349625655 0.999093455809456 0.002985040860836369 -0.17065216158966642 -0.009820847026230331 -0.002570165510111506 0.9999484712788644 -0.38073200732648366 0.0 0.0 0.0 1.0
/datasets/7scenes_org/fire/seq-02/frame-000839.color.png /datasets/7scenes_org/fire/seq-03/frame-000007.color.png 0.9984293679529024 -0.05264707377806377 0.019159405830427155 0.3983780719365671 0.05320498056107925 0.9981365265875639 -0.029878158162916883 -0.08923858580996578 -0.017550705189908342 0.030850606384967665 0.9993699079084865 -0.392579789037149 0.0 0.0 0.0 1.0
/datasets/7scenes_org/fire/seq-02/frame-000849.color.png /datasets/7scenes_org/fire/seq-03/frame-000008.color.png 0.9917172481233296 -0.08891799416127925 0.09268489676870151 0.21145672174920632 0.0891340315080085 0.9960179880247193 0.0018143754626003007 -0.12326593879532176 -0.09247715502663076 0.006462031068065492 0.9956938374584106 -0.39501107942678265 0.0 0.0 0.0 1.0
/datasets/7scenes_org/fire/seq-02/frame-000837.color.png /datasets/7scenes_org/fire/seq-03/frame-000009.color.png 0.9995191902311453 -0.026035837327701837 -0.016838157093956724 0.48574494342169333 0.026858675445531718 0.9983555877930825 0.05064318192649542 -0.2644367063609843 0.01549193057649398 -0.05107108278638676 0.9985748567784184 -0.3560326031395101 0.0 0.0 0.0 1.0
/datasets/7scenes_org/fire/seq-02/frame-000837.color.png /datasets/7scenes_org/fire/seq-03/frame-000010.color.png 0.9998185193837886 -0.01684768011170543 -0.008892916960264619 0.4678600802900541 0.017311462883018523 0.9983393102950875 0.0549448339007303 -0.2676097189395268 0.007952455599271773 -0.05508881188029575 0.9984497890507861 -0.34531167831939696 0.0 0.0 0.0 1.0
/datasets/7scenes_org/fire/seq-02/frame-000837.color.png /datasets/7scenes_org/fire/seq-03/frame-000011.color.png 0.9663608303246967 -0.22544412233673516 -0.123780827748008 0.7302138676032405 -0.028426176284666236 0.3847085576082772 -0.9226002808393199 1.882310422500357 0.25561435428394064 0.89508338907991 0.3653587667994652 1.007367672837935 0.0 0.0 0.0 1.0
/datasets/7scenes_org/fire/seq-02/frame-000849.color.png /datasets/7scenes_org/fire/seq-03/frame-000012.color.png 0.9929707799025398 -0.07284358547244435 0.09328902569574059 0.20836264543934274 0.07585283766196496 0.9966936145669177 -0.029123627867424354 -0.054670081945845 -0.09085910674428535 0.0359951487988496 0.9952130284439504 -0.4032062044002846 0.0 0.0 0.0 1.0
/datasets/7scenes_org/fire/seq-02/frame-000849.color.png /datasets/7scenes_org/fire/seq-03/frame-000013.color.png 0.9943540767404975 -0.07613114785763253 0.07391899888007335 0.2577616792398293 0.07873478571083244 0.996350311827913 -0.03296800933465451 -0.04511105846363147 -0.07113932519093985 0.03860187102071433 0.9967191640402413 -0.40769511766402555 0.0 0.0 0.0 1.0
/datasets/7scenes_org/fire/seq-02/frame-000837.color.png /datasets/7scenes_org/fire/seq-03/frame-000014.color.png 0.9994612103632852 -0.026617512754266253 0.019204087948494996 0.42177801597101605 0.02686749767649698 0.9995560381223522 -0.012878828430810807 -0.13121804425167286 -0.018852759685533755 0.013387855239854692 0.9997326336497753 -0.43415139787561297 0.0 0.0 0.0 1.0
/datasets/7scenes_org/fire/seq-02/frame-000849.color.png /datasets/7scenes_org/fire/seq-03/frame-000015.color.png 0.988860687440859 -0.07225961469917801 0.13012720283445015 0.13075511475148283 0.0710663380696699 0.9973761727867606 0.013796577495927978 -0.14353599894435767 -0.1307827069124935 -0.00439522931826088 0.9914013140660451 -0.4096494133977 0.0 0.0 0.0 1.0
/datasets/7scenes_org/fire/seq-02/frame-000837.color.png /datasets/7scenes_org/fire/seq-03/frame-000016.color.png 0.9996867949649986 -0.02501560471217228 0.0007290360026074294 0.46671779773406263 0.02500184205265187 0.9995745539469574 0.01502061901905431 -0.18138303422278285 -0.0011044757050303934 -0.014997687242560814 0.9998869183616671 -0.4269292146163174 0.0 0.0 0.0 1.0
/datasets/7scenes_org/fire/seq-02/frame-000837.color.png /datasets/7scenes_org/fire/seq-03/frame-000017.color.png 0.9996713343133742 -0.024212699565917806 0.008424282274980552 0.45782376686215487 0.024148009782938046 0.9996787573221042 0.007697777760922312 -0.15964263294667305 -0.008607960016233603 -0.007491818114718564 0.9999348857229129 -0.4143005439848748 0.0 0.0 0.0 1.0
/datasets/7scenes_org/fire/seq-02/frame-000845.color.png /datasets/7scenes_org/fire/seq-03/frame-000018.color.png 0.9995176197700042 -0.024133258204837194 -0.019547726663832973 0.4620937224597107 0.0240415909185355 0.9996988969146837 -0.004910948347351888 -0.09466677410185907 0.019660357967520834 0.004438620955119373 0.9997968638521554 -0.38351822810151104 0.0 0.0 0.0 1.0
/datasets/7scenes_org/fire/seq-02/frame-000849.color.png /datasets/7scenes_org/fire/seq-03/frame-000019.color.png 0.9949491998488691 -0.06294934616762728 0.07818867908567853 0.2732359049434416 0.06616394317298184 0.9970375016046104 -0.03922439314812805 -0.005684568711788429 -0.07548789534685295 0.04419954989708281 0.996166641403434 -0.4007287193029783 0.0 0.0 0.0 1.0
/datasets/7scenes_org/fire/seq-02/frame-000849.color.png /datasets/7scenes_org/fire/seq-03/frame-000020.color.png 0.9932238707690443 -0.06729155349624116 0.09475330792441658 0.24532702255341132 0.06931885413567279 0.9974273266339679 -0.01826539200600554 -0.05022420956820441 -0.0932804320094741 0.02470981408020391 0.9953332035515785 -0.4150716772704981 0.0 0.0 0.0 1.0
/datasets/7scenes_org/fire/seq-02/frame-000845.color.png /datasets/7scenes_org/fire/seq-03/frame-000021.color.png 0.9980195908598516 -0.04080576605383018 0.047872598808657116 0.3264162554004081 0.041216588949249136 0.9991211348842343 -0.007625655580220892 -0.076354219419199 -0.04751935453394957 0.009583698889238932 0.9988243407427944 -0.3411877553315407 0.0 0.0 0.0 1.0
/datasets/7scenes_org/fire/seq-02/frame-000012.color.png /datasets/7scenes_org/fire/seq-03/frame-000022.color.png 0.9883461300153102 -0.017044042824904633 0.15126608307199038 0.24309042974978565 0.008488791973831686 0.9983367066702467 0.05702420999567479 -0.20096164914572207 -0.1519864062822215 -0.055075590954511075 0.9868469038237019 -0.27626068879493476 0.0 0.0 0.0 1.0
/datasets/7scenes_org/fire/seq-02/frame-000012.color.png /datasets/7scenes_org/fire/seq-03/frame-000023.color.png 0.9827454857669922 -0.022237303125775123 0.1836213837065038 0.17888042034414378 0.01450862559937961 0.9989555833906391 0.04332715310154613 -0.16189396387601407 -0.18439308552062286 -0.0399154702134421 0.9820417227642744 -0.30038704514733494 0.0 0.0 0.0 1.0
/datasets/7scenes_org/fire/seq-02/frame-000845.color.png /datasets/7scenes_org/fire/seq-03/frame-000024.color.png 0.9990707017377948 -0.028705229218973376 0.03215187000216823 0.3780770949632676 0.02712488700618234 0.9984521525482564 0.04855450109573136 -0.18573562720479034 -0.03349587189568245 -0.04763726364139458 0.9983029187970495 -0.3041063383881826 0.0 0.0 0.0 1.0
/datasets/7scenes_org/fire/seq-02/frame-000012.color.png /datasets/7scenes_org/fire/seq-03/frame-000025.color.png 0.9838919538451354 -0.021994855398677286 0.1774058891209457 0.22769685256548106 0.01380496927438768 0.9987868562385612 0.04726773348093566 -0.14716558782024874 -0.17823031723625257 -0.04405725979997882 0.9830019897623719 -0.2531065449474467 0.0 0.0 0.0 1.0
/datasets/7scenes_org/fire/seq-02/frame-000012.color.png /datasets/7scenes_org/fire/seq-03/frame-000026.color.png 0.9847577133147789 -0.024903022530845427 0.17213972677994985 0.24765194347207278 0.015164899034396112 0.9982212943786217 0.057656511222458344 -0.16418341010165294 -0.17326936227828665 -0.0541672125727095 0.9833837710567419 -0.24902517122310797 0.0 0.0 0.0 1.0
/datasets/7scenes_org/fire/seq-02/frame-000012.color.png /datasets/7scenes_org/fire/seq-03/frame-000027.color.png 0.9835265851811734 -0.03402682719829943 0.17753205702823638 0.2522576988418165 0.01455021701174947 0.993838710198071 0.10987679143816281 -0.26917501413776884 -0.18017698917112276 -0.10548361551753715 0.9779618905819274 -0.27846690682970465 0.0 0.0 0.0 1.0
/datasets/7scenes_org/fire/seq-02/frame-000012.color.png /datasets/7scenes_org/fire/seq-03/frame-000028.color.png 0.9710763653726728 -0.06448013529308459 0.22989781375033758 0.15615118910104028 0.04294885129624784 0.9943119088623604 0.09746396291359054 -0.22936279877122023 -0.2348746235482501 -0.08477110384485073 0.9683221422470898 -0.2898480174588034 0.0 0.0 0.0 1.0
/datasets/7scenes_org/fire/seq-02/frame-000848.color.png /datasets/7scenes_org/fire/seq-03/frame-000029.color.png 0.9926635550959918 -0.09191610580340126 0.07855250395833908 0.3877745442235928 0.08393864290876216 0.9914963451559698 0.09944496854536876 -0.2492827246304058 -0.08702511482797508 -0.09212180543330667 0.9919376000298031 -0.2954600044528367 0.0 0.0 0.0 1.0
/datasets/7scenes_org/fire/seq-02/frame-000848.color.png /datasets/7scenes_org/fire/seq-03/frame-000030.color.png 0.99310112564895 -0.08664448840116885 0.07901194127781076 0.40350379595293334 0.08102982709809985 0.9941295206972385 0.07169841838374921 -0.18125405797370922 -0.08476037609190126 -0.06480145606372446 0.9942919339594287 -0.2541300529882601 0.0 0.0 0.0 1.0
/datasets/7scenes_org/fire/seq-02/frame-000848.color.png /datasets/7scenes_org/fire/seq-03/frame-000031.color.png 0.9892911852464428 -0.10202529620952079 0.10437331903819168 0.3796924629330953 0.09956609272394945 0.9946221317302166 0.028520312973835428 -0.08210593710720869 -0.10672180645666803 -0.01782285066422219 0.9941291676743151 -0.31841972131371404 0.0 0.0 0.0 1.0
/datasets/7scenes_org/fire/seq-02/frame-000848.color.png /datasets/7scenes_org/fire/seq-03/frame-000032.color.png 0.9913718829427983 -0.09720011412633736 0.08794275140270306 0.428396498664515 0.09188456646344309 0.9937996899838918 0.06260513264698081 -0.14923750736684385 -0.09348270511851775 -0.05398438664788129 0.9941562602739954 -0.26393056427859796 0.0 0.0 0.0 1.0
/datasets/7scenes_org/fire/seq-02/frame-000848.color.png /datasets/7scenes_org/fire/seq-03/frame-000033.color.png 0.9911862930359273 -0.10268128014344555 0.08370356746160876 0.4554090124108761 0.09562345349380344 0.9918353954175749 0.08437240981968709 -0.18463014209211365 -0.09168362798021928 -0.07562475193325313 0.9929123875022504 -0.21186540320456076 0.0 0.0 0.0 1.0
/datasets/7scenes_org/fire/seq-02/frame-000848.color.png /datasets/7scenes_org/fire/seq-03/frame-000034.color.png 0.9264292794958063 -0.19535808961077433 0.32181362139677877 -0.00952680719855398 -0.33896531504278077 -0.06091825317087459 0.9388245212117956 -1.7377698027356399 -0.16380264128160138 -0.9788381803210567 -0.12265606978430839 2.4598855871068244 0.0 0.0 0.0 1.0
/datasets/7scenes_org/fire/seq-02/frame-000848.color.png /datasets/7scenes_org/fire/seq-03/frame-000035.color.png 0.989439144195919 -0.12208178535351084 0.07814229084014905 0.5161628095653207 0.1142029324265629 0.9885715913202665 0.09840680392985997 -0.20251202459279713 -0.08926292711994745 -0.08844346510294189 0.9920735271755635 -0.17222624796154512 0.0 0.0 0.0 1.0
/datasets/7scenes_org/fire/seq-02/frame-000848.color.png /datasets/7scenes_org/fire/seq-03/frame-000036.color.png 0.9864350025222286 -0.12954000336508179 0.1008234760715263 0.49320727506814155 0.11790137711387416 0.9864698376890171 0.11391454957316066 -0.2344177326082881 -0.11421580921056006 -0.10048207232127855 0.9883613216169472 -0.17255958165663 0.0 0.0 0.0 1.0
/datasets/7scenes_org/fire/seq-02/frame-000848.color.png /datasets/7scenes_org/fire/seq-03/frame-000037.color.png 0.9847952008300256 -0.13381142152789965 0.11078319317853322 0.49804015100351245 0.11997566044220721 0.985085109518612 0.12334167140978868 -0.2521064102119213 -0.12563539837006787 -0.10817499929922272 0.9861612019355698 -0.14807698499169689 0.0 0.0 0.0 1.0
/datasets/7scenes_org/fire/seq-02/frame-000848.color.png /datasets/7scenes_org/fire/seq-03/frame-000038.color.png 0.9850030831916393 -0.13935496681190998 0.10173062138715167 0.5378194783552754 0.12633813910460537 0.9841049143452649 0.1248046159766695 -0.24997985894096722 -0.11750574756389541 -0.11008047413756009 0.9869522219961309 -0.1325243480429242 0.0 0.0 0.0 1.0
/datasets/7scenes_org/fire/seq-02/frame-000848.color.png /datasets/7scenes_org/fire/seq-03/frame-000039.color.png 0.9819498231544346 -0.13661478080142 0.1308088164977972 0.48825066254420696 0.12081060597498841 0.9851522841340458 0.12198268135037897 -0.247458310929302 -0.14553124163192768 -0.10397777999193847 0.9838746256393737 -0.11986074036371142 0.0 0.0 0.0 1.0
/datasets/7scenes_org/fire/seq-02/frame-000174.color.png /datasets/7scenes_org/fire/seq-03/frame-000040.color.png 0.9981252210406435 -0.007690868801839529 -0.06071979627468768 0.3936281470724214 0.021079471237360647 0.9745750212674928 0.22306766644634782 -0.5671864034840556 0.057460412589190206 -0.22392940507789205 0.9729100279710049 -0.019287524656487025 0.0 0.0 0.0 1.0
/datasets/7scenes_org/fire/seq-02/frame-000169.color.png /datasets/7scenes_org/fire/seq-03/frame-000041.color.png 0.9994693328165746 -0.032478199490613105 0.0024938558577179185 0.28985100699981103 0.03149489592336601 0.9830697457946443 0.18050469920207013 -0.49209307855419815 -0.008314101873773185 -0.18033036755106283 0.983570960454268 -0.029215287600766034 0.0 0.0 0.0 1.0
/datasets/7scenes_org/fire/seq-02/frame-000848.color.png /datasets/7scenes_org/fire/seq-03/frame-000042.color.png 0.9776047966700279 -0.13722665734085274 0.15955471175371042 0.48886475357888987 0.1184893997292318 0.9854837866208727 0.12158111884331788 -0.26095236330260374 -0.17392275204687788 -0.09995274294606853 0.9796735810962739 -0.10162272209382614 0.0 0.0 0.0 1.0
/datasets/7scenes_org/fire/seq-02/frame-000647.color.png /datasets/7scenes_org/fire/seq-03/frame-000043.color.png 0.9940003599867218 0.09214667749700325 -0.058926005910216246 0.8495711809553574 -0.08472429662536547 0.9893926483521754 0.117999919271183 -0.17560413728599167 0.0691742575500789 -0.1122994978302748 0.9912637110675764 -0.5613564714147957 0.0 0.0 0.0 1.0
/datasets/7scenes_org/fire/seq-02/frame-000637.color.png /datasets/7scenes_org/fire/seq-03/frame-000044.color.png 0.9995311527550452 0.027143993836551993 0.014166095819649588 0.7525155670650089 -0.028195068151542046 0.9963799671266759 0.08019974588846343 -0.08166631044422672 -0.011937872679006306 -0.08056155849563387 0.9966781438802871 -0.608787680473185 0.0 0.0 0.0 1.0
/datasets/7scenes_org/fire/seq-02/frame-000174.color.png /datasets/7scenes_org/fire/seq-03/frame-000045.color.png 0.9988682568216201 -0.00728366126298519 -0.0470016360645472 0.4355707473514461 0.01865936988721825 0.9689927217597183 0.24638371109329688 -0.6223666286954638 0.043749667765024536 -0.2469818889216359 0.9680319793866061 0.02547296022510273 0.0 0.0 0.0 1.0
/datasets/7scenes_org/fire/seq-02/frame-000178.color.png /datasets/7scenes_org/fire/seq-03/frame-000046.color.png 0.9973045122885563 0.03619105551987645 -0.06382724550881211 0.45746388137358374 -0.01858726850356049 0.9661304164810888 0.257384016208572 -0.6601831287667682 0.07098044250680258 -0.2555038666056448 0.9641989166821873 0.05625285588338307 0.0 0.0 0.0 1.0
/datasets/7scenes_org/fire/seq-02/frame-000848.color.png /datasets/7scenes_org/fire/seq-03/frame-000047.color.png 0.984098882701395 -0.10578766231848197 0.14268272343579944 0.5607424025532793 0.0835460150345444 0.9845709839473522 0.15375318188834514 -0.3274028878978857 -0.15674645909146936 -0.13938776155076782 0.9777533428693316 -0.03039050505285697 0.0 0.0 0.0 1.0
